0.0,110.45361017187261,96.17692030835673,127.7810627597063,61.07372593840988,120.83045973594572,178.01685313475238,50.24937810560445,87.41853350405736
110.45361017187261,0.0,15.811388300841896,34.40930106817051,64.1404708432983,68.11754546370561,67.60177512462228,98.2700361249552,24.041630560342615
96.17692030835673,15.811388300841896,0.0,37.656340767525464,48.373546489791295,73.824115301167,82.09750300709517,82.49242389456137,15.231546211727817
127.7810627597063,34.40930106817051,37.656340767525464,0.0,70.32780389006896,101.82337649086284,61.40032573203501,101.67103815738285,52.630789467763066
61.07372593840988,64.1404708432983,48.373546489791295,70.32780389006896,0.0,107.56393447619885,127.31064370271639,34.132096331752024,49.03060268852505
120.83045973594572,68.11754546370561,73.824115301167,101.82337649086284,107.56393447619885,0.0,104.7377677822093,136.1800279042415,62.625873247404705
178.01685313475238,67.60177512462228,82.09750300709517,61.40032573203501,127.31064370271639,104.7377677822093,0.0,160.58953888718904,91.23595782365635
50.24937810560445,98.2700361249552,82.49242389456137,101.67103815738285,34.132096331752024,136.1800279042415,160.58953888718904,0.0,81.93289937503738
87.41853350405736,24.041630560342615,15.231546211727817,52.630789467763066,49.03060268852505,62.625873247404705,91.23595782365635,81.93289937503738,0.0
