0.0,176.23847480048164,157.54364474646383,114.93476410555685,100.71742649611338,143.38758663147937,113.78049041905207,157.00318468107582,68.70953354520753
176.23847480048164,0.0,86.02325267042627,78.24321056807422,75.7099729229908,111.80339887498948,63.071388124885914,101.40019723846694,110.04090148667449
157.54364474646383,86.02325267042627,0.0,48.104053883222775,81.60882305241266,30.0,87.23531395025755,166.715326230074,115.31261856362468
114.93476410555685,78.24321056807422,48.104053883222775,0.0,35.4682957019364,52.172789842982326,46.04345773288535,130.0,67.20863039818622
100.71742649611338,75.7099729229908,81.60882305241266,35.4682957019364,0.0,87.36131867136622,17.029386365926403,97.86725703727473,38.27531841800928
143.38758663147937,111.80339887498948,30.0,52.172789842982326,87.36131867136622,0.0,97.86725703727473,181.33394607739612,114.0570032922135
113.78049041905207,63.071388124885914,87.23531395025755,46.04345773288535,17.029386365926403,97.86725703727473,0.0,84.02380615040002,47.0
157.00318468107582,101.40019723846694,166.715326230074,130.0,97.86725703727473,181.33394607739612,84.02380615040002,0.0,97.24710792614863
68.70953354520753,110.04090148667449,115.31261856362468,67.20863039818622,38.27531841800928,114.0570032922135,47.0,97.24710792614863,0.0
